1 -1 1-2-3-4-5-6-7-8-9-10-11-12-13 1 True 0 0 0 0 0 0 0 0 0 0 0 0 0 0 0
2 -1 2-3-4-5-6-7-8-9-10-11-12-13-1 2 True 0 0 0 0 0 0 0 0 0 0 0 0 0 0 0
3 -1 3-4-5-6-7-8-9-10-11-12-13-1-2 3 True 0 0 0 0 0 0 0 0 0 0 0 0 0 0 0
4 -1 4-5-6-7-8-9-10-11-12-13-1-2-3 4 True 0 0 0 0 0 0 0 0 0 0 0 0 0 0 0
5 -1 5-6-7-8-9-10-11-12-13-1-2-3-4 5 True 0 0 0 0 0 0 0 0 0 0 0 0 0 0 0
6 -1 6-7-8-9-10-11-12-13-1-2-3-4-5 6 True 0 0 0 0 0 0 0 0 0 0 0 0 0 0 0
7 -1 7-8-9-10-11-12-13-1-2-3-4-5-6 7 True 0 0 0 0 0 0 0 0 0 0 0 0 0 0 0
8 -1 8-9-10-11-12-13-1-2-3-4-5-6-7 8 True 0 0 0 0 0 0 0 0 0 0 0 0 0 0 0
9 -1 9-10-11-12-13-1-2-3-4-5-6-7-8 9 True 0 0 0 0 0 0 0 0 0 0 0 0 0 0 0
10 -1 10-11-12-13-1-2-3-4-5-6-7-8-9 10 True 0 0 0 0 0 0 0 0 0 0 0 0 0 0 0
11 -1 11-12-13-1-2-3-4-5-6-7-8-9-10 11 True 0 0 0 0 0 0 0 0 0 0 0 0 0 0 0
12 -1 12-13-1-2-3-4-5-6-7-8-9-10-11 12 True 0 0 0 0 0 0 0 0 0 0 0 0 0 0 0
13 -1 13-1-2-3-4-5-6-7-8-9-10-11-12 13 True 0 0 0 0 0 0 0 0 0 0 0 0 0 0 0
